2 0.319964 0.820676 0.139927 0.325796
0 0.505521 0.598454 0.073271 0.130241
0 0.373854 0.572778 0.067708 0.130259
0 0.386073 0.470065 0.047708 0.086796
0 0.477745 0.426611 0.042156 0.078889
0 0.527188 0.332778 0.029937 0.053222
0 0.403854 0.399935 0.038812 0.065056
0 0.463854 0.372287 0.032146 0.057167
0 0.572187 0.418704 0.048813 0.071000
0 0.653854 0.423639 0.047708 0.069019
0 0.671078 0.555991 0.082156 0.116426
0 0.420521 0.319935 0.029937 0.051241
0 0.459964 0.300185 0.026594 0.043333
0 0.962187 0.904880 0.077708 0.193944