2 0.281964 0.929565 0.176823 0.144574
0 0.519297 0.725861 0.098156 0.173315
0 0.352630 0.658111 0.087490 0.174481
0 0.378969 0.507194 0.059708 0.104167
0 0.482411 0.467889 0.054594 0.097444
0 0.515078 0.299787 0.027490 0.042537
0 0.397188 0.418111 0.045937 0.072185
0 0.468073 0.392426 0.041042 0.070593
0 0.548969 0.367537 0.039708 0.063481
0 0.618302 0.371694 0.041042 0.061500
0 0.618745 0.463343 0.063260 0.094685
0 0.416630 0.324278 0.027927 0.052815
0 0.461964 0.304139 0.027490 0.049648
0 0.819964 0.651398 0.115490 0.137352