0 0.292187 0.942407 0.126604 0.118889
2 0.367745 0.618204 0.095490 0.221111
0 0.540521 0.771296 0.109938 0.203333
0 0.489969 0.482898 0.051042 0.088759
0 0.386078 0.491787 0.052156 0.094685
0 0.393297 0.427593 0.039927 0.072963
0 0.469411 0.382167 0.036594 0.061111
0 0.552740 0.395000 0.041042 0.059148
0 0.411073 0.369324 0.031042 0.051241
0 0.459411 0.344630 0.025490 0.045296
0 0.631073 0.543148 0.071042 0.098630
0 0.744411 0.549074 0.075490 0.106556
0 0.868854 0.894009 0.171042 0.215685
0 0.420521 0.308083 0.025479 0.039389