2 0.317740 0.826009 0.141708 0.319870
0 0.506302 0.604185 0.073042 0.131444
0 0.372635 0.577713 0.069708 0.133019
0 0.386521 0.473611 0.048604 0.088370
0 0.477630 0.429574 0.042823 0.080074
0 0.526964 0.332389 0.029490 0.051630
0 0.404302 0.401324 0.039708 0.065463
0 0.463964 0.374454 0.033260 0.058352
0 0.570740 0.417120 0.047708 0.070204
0 0.651630 0.422454 0.046823 0.069019
0 0.668411 0.552833 0.080823 0.118000
0 0.420411 0.321130 0.028823 0.050444
0 0.460078 0.301370 0.025927 0.044111
0 0.957297 0.886454 0.087490 0.183981