0 0.299411 0.937472 0.123260 0.128759
0 0.296078 0.592537 0.103260 0.114444
0 0.389411 0.509565 0.052156 0.094685
0 0.566635 0.916731 0.131042 0.170241
0 0.577745 0.359444 0.033260 0.051222
2 0.399969 0.403889 0.044375 0.088778
0 0.489964 0.513519 0.055490 0.090741
0 0.478302 0.407843 0.041042 0.065056
0 0.464411 0.351546 0.028823 0.039389
0 0.406630 0.365370 0.026594 0.043333
0 0.410521 0.335741 0.025479 0.035444
0 0.460521 0.315991 0.021042 0.035426
0 0.861073 0.957222 0.164375 0.089259
2 0.734411 0.384139 0.035490 0.069019