2 0.285521 0.922657 0.179938 0.158389
0 0.518297 0.718954 0.096594 0.169759
0 0.354411 0.654750 0.086594 0.171722
0 0.379964 0.507593 0.059927 0.102593
0 0.482187 0.467093 0.055479 0.096667
0 0.516073 0.302167 0.027708 0.043333
0 0.398297 0.418704 0.045490 0.071000
0 0.468302 0.393028 0.041042 0.070981
0 0.549964 0.371296 0.039927 0.063074
0 0.619964 0.375250 0.042156 0.063093
0 0.621073 0.468083 0.064375 0.094685
0 0.417187 0.324880 0.027708 0.053204
0 0.462740 0.305130 0.027708 0.049259
0 0.826635 0.660676 0.117708 0.140130