2 0.315521 0.831343 0.143479 0.313944
0 0.507078 0.609917 0.072823 0.132611
0 0.371406 0.582648 0.071708 0.135778
0 0.386964 0.477176 0.049490 0.089944
0 0.477521 0.432537 0.043479 0.081259
0 0.526740 0.331991 0.029042 0.050056
0 0.404745 0.402704 0.040594 0.065852
0 0.464073 0.376630 0.034375 0.059519
0 0.569297 0.415537 0.046594 0.069407
0 0.649411 0.421269 0.045927 0.069019
0 0.665745 0.549667 0.079490 0.119593
0 0.420302 0.322306 0.027708 0.049648
0 0.460187 0.302556 0.025271 0.044926
0 0.952411 0.873222 0.097260 0.184370