2 0.294964 0.892037 0.165490 0.219630
0 0.516635 0.677472 0.091042 0.157907
0 0.358297 0.625120 0.085490 0.159870
0 0.381635 0.494750 0.054375 0.104574
0 0.481630 0.451296 0.045490 0.088778
0 0.519969 0.306111 0.031042 0.039370
0 0.401630 0.407843 0.045490 0.069019
0 0.466078 0.386111 0.036594 0.069000
0 0.555521 0.379204 0.042146 0.067037
0 0.628297 0.385120 0.045490 0.059130
0 0.632745 0.484880 0.065490 0.100611
0 0.419406 0.320926 0.027708 0.041370
0 0.460521 0.301176 0.025479 0.041352
0 0.863854 0.702157 0.132146 0.136167