2 0.309406 0.876231 0.161042 0.251241
0 0.513297 0.660676 0.079927 0.140130
0 0.367188 0.620185 0.078812 0.142111
0 0.386073 0.502657 0.054375 0.100611
0 0.481635 0.461176 0.047708 0.088759
0 0.523302 0.326852 0.024375 0.037407
0 0.403854 0.420685 0.043271 0.067037
0 0.466635 0.394019 0.037708 0.061111
0 0.562187 0.405861 0.044375 0.069019
0 0.634406 0.412778 0.044375 0.067037
0 0.642745 0.522407 0.072156 0.112481
0 0.420521 0.339694 0.029937 0.047278
0 0.462187 0.316972 0.024375 0.041352
0 0.906078 0.779204 0.143260 0.179630