0 0.297745 0.943000 0.122156 0.117704
0 0.293078 0.595491 0.103927 0.114833
0 0.389630 0.511944 0.053490 0.095481
0 0.569745 0.925417 0.128823 0.152870
0 0.577297 0.358852 0.032823 0.050852
2 0.399745 0.406463 0.044823 0.090741
0 0.491187 0.517472 0.055708 0.092315
0 0.478854 0.409815 0.041271 0.065074
0 0.464854 0.353324 0.028813 0.041352
0 0.406745 0.367148 0.027260 0.044519
0 0.410411 0.336537 0.024823 0.036222
0 0.460964 0.316380 0.021490 0.035426
0 0.852411 0.947343 0.163490 0.109019
2 0.734854 0.385315 0.036375 0.070593