2 0.309297 0.871102 0.158594 0.261500
0 0.512521 0.653963 0.078375 0.139333
0 0.367297 0.615639 0.078594 0.142500
0 0.386521 0.499694 0.053937 0.099426
0 0.480745 0.457222 0.047260 0.087963
0 0.523854 0.327639 0.025042 0.038981
0 0.404297 0.417907 0.043260 0.067037
0 0.466188 0.391843 0.037708 0.061500
0 0.562745 0.406852 0.044156 0.068630
0 0.636078 0.413769 0.044156 0.067426
0 0.645745 0.525963 0.072823 0.114852
0 0.420411 0.336926 0.028823 0.047296
0 0.461854 0.314806 0.024146 0.042537
0 0.912969 0.790056 0.141042 0.180815