0 0.274406 0.980926 0.097708 0.041852
2 0.364969 0.646852 0.094375 0.234926
0 0.549406 0.828583 0.121042 0.219130
0 0.489964 0.503639 0.055490 0.094685
0 0.384411 0.506602 0.055490 0.092722
0 0.396073 0.440426 0.041042 0.067037
0 0.469964 0.394009 0.033260 0.065056
0 0.547188 0.391056 0.036604 0.055185
0 0.409964 0.379194 0.033260 0.059130
0 0.459964 0.357472 0.026594 0.051241
0 0.618854 0.526361 0.064375 0.100611
0 0.726078 0.531296 0.072156 0.098630
0 0.822740 0.833519 0.147708 0.221111
0 0.422187 0.319935 0.024375 0.039389