0 0.294411 0.954065 0.119927 0.095574
0 0.287078 0.601426 0.105260 0.115630
0 0.390078 0.516676 0.056156 0.097056
0 0.575969 0.942806 0.124375 0.118093
0 0.576411 0.357667 0.031927 0.050037
2 0.399302 0.411593 0.045708 0.094704
0 0.493630 0.525370 0.056156 0.095481
0 0.479969 0.413769 0.041708 0.065056
0 0.465745 0.356880 0.028823 0.045315
0 0.406964 0.370704 0.028594 0.046889
0 0.410187 0.338111 0.023479 0.037815
0 0.461854 0.317176 0.022375 0.035426
0 0.835073 0.927593 0.161708 0.148519
2 0.735745 0.387694 0.038156 0.073759