2 0.278406 0.936481 0.173708 0.130741
0 0.520302 0.732778 0.099708 0.176852
0 0.350854 0.661463 0.088375 0.177259
0 0.377964 0.506806 0.059490 0.105759
0 0.482635 0.468676 0.053708 0.098241
0 0.514078 0.297417 0.027260 0.041759
0 0.396073 0.417519 0.046375 0.073370
0 0.467854 0.391843 0.041042 0.070204
0 0.547964 0.363787 0.039490 0.063870
0 0.616630 0.368130 0.039927 0.059926
0 0.616411 0.458602 0.062156 0.094685
0 0.416078 0.323694 0.028156 0.052426
0 0.461187 0.303148 0.027271 0.050037
0 0.813297 0.642111 0.113260 0.134593