0 0.296073 0.948528 0.121042 0.106648
0 0.290078 0.598454 0.104594 0.115241
0 0.389854 0.514306 0.054813 0.096278
0 0.572854 0.934111 0.126604 0.135481
0 0.576854 0.358259 0.032375 0.050444
2 0.399521 0.409028 0.045271 0.092722
0 0.492411 0.521417 0.055927 0.093907
0 0.479411 0.411787 0.041490 0.065056
0 0.465297 0.355093 0.028823 0.043333
0 0.406854 0.368926 0.027938 0.045704
0 0.410297 0.337324 0.024156 0.037019
0 0.461411 0.316778 0.021927 0.035444
0 0.843745 0.937472 0.162594 0.128759
2 0.735297 0.386509 0.037260 0.072167