2 0.267740 0.957222 0.164375 0.089259
0 0.523302 0.753519 0.104375 0.187519
0 0.345521 0.671537 0.091042 0.185556
0 0.374964 0.505620 0.058823 0.110500
0 0.483302 0.471046 0.051042 0.100611
0 0.511078 0.290306 0.026594 0.039389
0 0.392740 0.415741 0.047708 0.076926
0 0.467187 0.390065 0.041042 0.069019
0 0.544964 0.352528 0.038823 0.065056
0 0.611630 0.357463 0.036594 0.055185
0 0.609411 0.444380 0.058823 0.094685
0 0.414411 0.321917 0.028823 0.051241
0 0.458854 0.300185 0.026604 0.051222
0 0.793297 0.614259 0.106594 0.126296