2 0.309188 0.865963 0.156146 0.271778
0 0.511745 0.647250 0.076823 0.138537
0 0.367406 0.611093 0.078375 0.142889
0 0.386964 0.496731 0.053490 0.098241
0 0.479854 0.453278 0.046812 0.087185
0 0.524406 0.328435 0.025708 0.040574
0 0.404745 0.415148 0.043260 0.067037
0 0.465740 0.389667 0.037708 0.061889
0 0.563297 0.407833 0.043927 0.068222
0 0.637745 0.414750 0.043927 0.067833
0 0.648745 0.529519 0.073490 0.117222
0 0.420302 0.334157 0.027708 0.047278
0 0.461521 0.312630 0.023938 0.043741
0 0.925745 0.800926 0.150594 0.182000