2 0.306521 0.879398 0.161938 0.244907
0 0.513964 0.664037 0.082156 0.143667
0 0.365411 0.621176 0.080156 0.145648
0 0.385188 0.501074 0.054375 0.101407
0 0.481630 0.459194 0.047260 0.088759
0 0.522635 0.322704 0.025708 0.037815
0 0.403406 0.418111 0.043708 0.067444
0 0.466521 0.392435 0.037479 0.062685
0 0.560854 0.400528 0.043937 0.068611
0 0.633188 0.407250 0.044604 0.065463
0 0.640745 0.514898 0.070823 0.110093
0 0.420297 0.335935 0.029490 0.046093
0 0.461854 0.313815 0.024604 0.041370
0 0.897635 0.763787 0.141042 0.170944