0 0.288630 0.950111 0.120823 0.103481
2 0.367188 0.623935 0.095271 0.223870
0 0.542297 0.782750 0.112156 0.206500
0 0.489964 0.487046 0.051927 0.089944
0 0.385745 0.494759 0.052823 0.094296
0 0.393854 0.430167 0.040146 0.071778
0 0.469521 0.384528 0.035937 0.061907
0 0.551630 0.394213 0.040156 0.058352
0 0.410854 0.371296 0.031479 0.052815
0 0.459521 0.347194 0.025708 0.046500
0 0.628635 0.539796 0.069708 0.099037
0 0.740745 0.545519 0.074823 0.104963
0 0.859635 0.880139 0.166375 0.213204
0 0.420854 0.310454 0.025271 0.039389