2 0.274854 0.943398 0.170604 0.116907
0 0.521297 0.739694 0.101260 0.180426
0 0.349078 0.664824 0.089260 0.180019
0 0.376964 0.506407 0.059260 0.107333
0 0.482854 0.469463 0.052813 0.099037
0 0.513073 0.295056 0.027042 0.040963
0 0.394964 0.416926 0.046823 0.074556
0 0.467635 0.391250 0.041042 0.069796
0 0.546964 0.360037 0.039260 0.064259
0 0.614964 0.364583 0.038823 0.058352
0 0.614073 0.453861 0.061042 0.094685
0 0.415521 0.323102 0.028375 0.052019
0 0.460406 0.302167 0.027042 0.050444
0 0.806635 0.632824 0.111042 0.131833