0 0.277964 0.973222 0.103490 0.057259
2 0.365521 0.641120 0.094604 0.232167
0 0.547630 0.817120 0.118823 0.215981
0 0.489964 0.499491 0.054594 0.093500
0 0.384745 0.503648 0.054823 0.093111
0 0.395521 0.437870 0.040813 0.068222
0 0.469854 0.391639 0.033937 0.064278
0 0.548297 0.391843 0.037490 0.055981
0 0.410187 0.377222 0.032813 0.057556
0 0.459854 0.354898 0.026375 0.050056
0 0.621302 0.529722 0.065708 0.100222
0 0.729745 0.534852 0.072823 0.100222
0 0.831969 0.845176 0.152375 0.219130
0 0.421854 0.317565 0.024604 0.039389