2 0.291188 0.904287 0.171271 0.195130
0 0.517297 0.694065 0.093260 0.162648
0 0.356745 0.636972 0.085927 0.164611
0 0.380964 0.499889 0.056594 0.103778
0 0.481854 0.457611 0.049479 0.091926
0 0.518406 0.304537 0.029708 0.040963
0 0.400297 0.412185 0.045490 0.069815
0 0.466969 0.388880 0.038375 0.069796
0 0.553297 0.376037 0.041260 0.065444
0 0.624964 0.381176 0.044156 0.060722
0 0.628073 0.478157 0.065042 0.098241
0 0.418521 0.322509 0.027708 0.046093
0 0.461406 0.302759 0.026375 0.044519
0 0.848969 0.685565 0.126375 0.137759