2 0.289297 0.910407 0.174156 0.182889
0 0.517635 0.702361 0.094375 0.165019
0 0.355964 0.642898 0.086156 0.166981
0 0.380635 0.502454 0.057708 0.103389
0 0.481964 0.460778 0.051490 0.093519
0 0.517635 0.303741 0.029042 0.041741
0 0.399630 0.414361 0.045490 0.070204
0 0.467411 0.390259 0.039260 0.070185
0 0.552188 0.374463 0.040813 0.064667
0 0.623297 0.379194 0.043490 0.061500
0 0.625745 0.474806 0.064823 0.097056
0 0.418073 0.323296 0.027708 0.048481
0 0.461854 0.303546 0.026812 0.046093
0 0.841521 0.677269 0.123479 0.138537