2 0.297854 0.888880 0.164604 0.225944
0 0.515964 0.674111 0.088823 0.154333
0 0.360078 0.624139 0.084156 0.156315
0 0.382521 0.496333 0.054375 0.103778
0 0.481630 0.453269 0.045927 0.088759
0 0.520635 0.310259 0.029708 0.039000
0 0.402073 0.410407 0.045042 0.068630
0 0.466188 0.387694 0.036813 0.067426
0 0.556854 0.384528 0.042604 0.067426
0 0.629521 0.390657 0.045271 0.060722
0 0.634745 0.492380 0.066823 0.102981
0 0.419630 0.324676 0.028156 0.042537
0 0.460854 0.304333 0.025271 0.041370
0 0.872302 0.717565 0.134375 0.144870