0 0.281521 0.965519 0.109271 0.072667
2 0.366078 0.635389 0.094823 0.229407
0 0.545854 0.805667 0.116604 0.212815
0 0.489969 0.495343 0.053708 0.092315
0 0.385078 0.500676 0.054156 0.093500
0 0.394964 0.435296 0.040594 0.069407
0 0.469745 0.389278 0.034594 0.063481
0 0.549406 0.392630 0.038375 0.056778
0 0.410406 0.375250 0.032375 0.055981
0 0.459745 0.352333 0.026156 0.048852
0 0.623740 0.533074 0.067042 0.099815
0 0.733411 0.538407 0.073490 0.101815
0 0.841187 0.856824 0.157042 0.217167
0 0.421521 0.315194 0.024813 0.039389