2 0.271297 0.950306 0.167490 0.103093
0 0.522297 0.746602 0.102823 0.183981
0 0.347297 0.668185 0.090156 0.182778
0 0.375969 0.506009 0.059042 0.108907
0 0.483078 0.470259 0.051927 0.099815
0 0.512078 0.292676 0.026823 0.040167
0 0.393854 0.416333 0.047271 0.075741
0 0.467406 0.390648 0.041042 0.069407
0 0.545969 0.356278 0.039042 0.064667
0 0.613302 0.361028 0.037708 0.056759
0 0.611745 0.449120 0.059927 0.094685
0 0.414964 0.322500 0.028594 0.051630
0 0.459630 0.301176 0.026823 0.050833
0 0.799964 0.623546 0.108823 0.129056