2 0.293073 0.898157 0.168375 0.207389
0 0.516964 0.685769 0.092156 0.160278
0 0.357521 0.631046 0.085708 0.162241
0 0.381297 0.497324 0.055490 0.104167
0 0.481745 0.454454 0.047490 0.090352
0 0.519187 0.305324 0.030375 0.040167
0 0.400964 0.410019 0.045490 0.069407
0 0.466521 0.387500 0.037479 0.069407
0 0.554406 0.377620 0.041708 0.066241
0 0.626630 0.383148 0.044823 0.059926
0 0.630411 0.481519 0.065260 0.099444
0 0.418969 0.321713 0.027708 0.043722
0 0.460964 0.301963 0.025927 0.042926
0 0.856411 0.693870 0.129260 0.136963