2 0.300740 0.885713 0.163708 0.232278
0 0.515297 0.670750 0.086594 0.150796
0 0.361854 0.623148 0.082812 0.152778
0 0.383406 0.497917 0.054375 0.102981
0 0.481635 0.455250 0.046375 0.088759
0 0.521302 0.314407 0.028375 0.038593
0 0.402521 0.412981 0.044604 0.068222
0 0.466302 0.389278 0.037042 0.065852
0 0.558188 0.389861 0.043042 0.067833
0 0.630740 0.396185 0.045042 0.062296
0 0.636745 0.499889 0.068156 0.105370
0 0.419854 0.328435 0.028604 0.043722
0 0.461188 0.307491 0.025042 0.041352
0 0.880745 0.732981 0.136594 0.153556