2 0.287406 0.916528 0.177042 0.170648
0 0.517964 0.710657 0.095490 0.167389
0 0.355187 0.648824 0.086375 0.169352
0 0.380297 0.505028 0.058823 0.102981
0 0.482078 0.463935 0.053490 0.095093
0 0.516854 0.302954 0.028375 0.042537
0 0.398964 0.416537 0.045490 0.070593
0 0.467854 0.391648 0.040146 0.070593
0 0.551073 0.372880 0.040375 0.063870
0 0.621630 0.377222 0.042823 0.062296
0 0.623411 0.471444 0.064594 0.095889
0 0.417635 0.324083 0.027708 0.050833
0 0.462297 0.304333 0.027260 0.047667
0 0.834078 0.668981 0.120594 0.139333