2 0.313297 0.836676 0.145260 0.308019
0 0.507854 0.615639 0.072604 0.133796
0 0.370188 0.587593 0.073708 0.138556
0 0.387406 0.480731 0.050375 0.091537
0 0.477411 0.435500 0.044156 0.082444
0 0.526521 0.331593 0.028604 0.048481
0 0.405188 0.404083 0.041479 0.066241
0 0.464188 0.378806 0.035479 0.060722
0 0.567854 0.413963 0.045479 0.068630
0 0.647187 0.420083 0.045042 0.069019
0 0.663078 0.546509 0.078156 0.121167
0 0.420187 0.323491 0.026604 0.048870
0 0.460297 0.303741 0.024594 0.045704
0 0.947521 0.859991 0.107042 0.184759