2 0.303630 0.882556 0.162823 0.238593
0 0.514635 0.667398 0.084375 0.147241
0 0.363630 0.622157 0.081490 0.149204
0 0.384302 0.499491 0.054375 0.102204
0 0.481630 0.457222 0.046823 0.088778
0 0.521969 0.318556 0.027042 0.038185
0 0.402964 0.415546 0.044156 0.067833
0 0.466411 0.390852 0.037260 0.064259
0 0.559521 0.395204 0.043479 0.068222
0 0.631964 0.401713 0.044823 0.063870
0 0.638745 0.507398 0.069490 0.107722
0 0.420073 0.332185 0.029042 0.044926
0 0.461521 0.310657 0.024813 0.041352
0 0.889188 0.748380 0.138812 0.162241