2 0.309073 0.860824 0.153708 0.282056
0 0.510964 0.640528 0.075260 0.137759
0 0.367521 0.606556 0.078146 0.143296
0 0.387406 0.493769 0.053042 0.097056
0 0.478969 0.449324 0.046375 0.086389
0 0.524969 0.329222 0.026375 0.042148
0 0.405187 0.412389 0.043271 0.067037
0 0.465302 0.387500 0.037708 0.062296
0 0.563854 0.408824 0.043708 0.067833
0 0.639406 0.415741 0.043708 0.068222
0 0.651745 0.533074 0.074156 0.119593
0 0.420187 0.331398 0.026604 0.047278
0 0.461188 0.310454 0.023708 0.044907
0 0.929745 0.811796 0.142594 0.183185