0 0.291073 0.965120 0.117708 0.073463
0 0.281078 0.607343 0.106594 0.116426
0 0.390521 0.521417 0.058813 0.098648
0 0.582187 0.960185 0.119938 0.083333
0 0.575521 0.356481 0.031042 0.049259
2 0.398854 0.416731 0.046604 0.098648
0 0.496078 0.533269 0.056594 0.098648
0 0.481078 0.417713 0.042156 0.065056
0 0.466630 0.360426 0.028823 0.049259
0 0.407187 0.374259 0.029937 0.049259
0 0.409964 0.339694 0.022156 0.039389
0 0.462745 0.317963 0.023260 0.035444
0 0.817745 0.907843 0.159927 0.188019
2 0.736630 0.390065 0.039927 0.076907