0 0.285073 0.957815 0.115042 0.088074
2 0.366635 0.629667 0.095042 0.226630
0 0.544073 0.794213 0.114375 0.209648
0 0.489964 0.491194 0.052823 0.091130
0 0.385411 0.497713 0.053490 0.093907
0 0.394406 0.432722 0.040375 0.070593
0 0.469630 0.386898 0.035260 0.062685
0 0.550521 0.393426 0.039271 0.057556
0 0.410630 0.373269 0.031927 0.054389
0 0.459630 0.349769 0.025927 0.047685
0 0.626188 0.536435 0.068375 0.099426
0 0.737078 0.541963 0.074156 0.103370
0 0.850406 0.868481 0.161708 0.215185
0 0.421187 0.312824 0.025042 0.039389