0 0.292745 0.959593 0.118823 0.084519
0 0.284078 0.604380 0.105927 0.116019
0 0.390297 0.519056 0.057490 0.097852
0 0.579078 0.951491 0.122156 0.100722
0 0.575964 0.357074 0.031490 0.049667
2 0.399078 0.414167 0.046156 0.096667
0 0.494854 0.529324 0.056375 0.097056
0 0.480521 0.415741 0.041937 0.065074
0 0.466187 0.358657 0.028813 0.047278
0 0.407078 0.372481 0.029260 0.048074
0 0.410078 0.338907 0.022823 0.038593
0 0.462297 0.317565 0.022823 0.035426
0 0.826411 0.917713 0.160823 0.168278
2 0.736187 0.388870 0.039042 0.075333