2 0.308854 0.850556 0.148813 0.302593
0 0.509411 0.627102 0.072156 0.136167
0 0.367740 0.597463 0.077708 0.144074
0 0.388297 0.487843 0.052156 0.094685
0 0.477187 0.441426 0.045479 0.084815
0 0.526073 0.330806 0.027708 0.045315
0 0.406078 0.406852 0.043260 0.067037
0 0.464406 0.383148 0.037708 0.063074
0 0.564964 0.410796 0.043260 0.067037
0 0.642745 0.417713 0.043260 0.069019
0 0.657745 0.540185 0.075490 0.124333
0 0.419969 0.325861 0.024375 0.047278
0 0.460521 0.306111 0.023271 0.047296
0 0.937745 0.833519 0.126594 0.185556