2 0.308964 0.855694 0.151260 0.292315
0 0.510188 0.633815 0.073708 0.136963
0 0.367630 0.602009 0.077927 0.143685
0 0.387854 0.490806 0.052604 0.095870
0 0.478078 0.445370 0.045927 0.085593
0 0.525521 0.330009 0.027042 0.043722
0 0.405630 0.409611 0.043260 0.067037
0 0.464854 0.385324 0.037708 0.062685
0 0.564411 0.409815 0.043490 0.067444
0 0.641078 0.416731 0.043490 0.068611
0 0.654745 0.536630 0.074823 0.121963
0 0.420078 0.328630 0.025490 0.047296
0 0.460854 0.308287 0.023479 0.046093
0 0.933745 0.822648 0.134594 0.184370