2 0.311073 0.846407 0.147042 0.310889
0 0.508635 0.621370 0.072375 0.135000
0 0.368969 0.592528 0.075708 0.141315
0 0.387854 0.484278 0.051271 0.093111
0 0.477297 0.438463 0.044823 0.083630
0 0.526297 0.331204 0.028156 0.046889
0 0.405635 0.405472 0.042375 0.066648
0 0.464297 0.380972 0.036594 0.061907
0 0.566406 0.412380 0.044375 0.067833
0 0.644964 0.418898 0.044156 0.069019
0 0.660411 0.543352 0.076823 0.122741
0 0.420078 0.324685 0.025490 0.048074
0 0.460411 0.304926 0.023927 0.046481
0 0.942630 0.846750 0.116823 0.185167